LGA-Net Final Validation Results
============================================================
Checkpoint: C:\Users\Sobia Khan\Downloads\LGA_NET\outputs_v2\lganet_stage2_best_stage2_aptos_full_finetune.pth
QWK: 0.9033
Accuracy: 0.8186
ROC-AUC (macro OVR): 0.8592

Per-class ROC-AUC:
No DR: 0.9941
Mild: 0.9227
Moderate: 0.8868
Severe: 0.7197
Proliferative: 0.7726

Confusion Matrix:
[[348  10   3   0   0]
 [  2  40  32   0   0]
 [  0  10 165  18   7]
 [  0   0  15  15   9]
 [  0   3  15   9  32]]

Normalized Confusion Matrix:
[[0.964  0.0277 0.0083 0.     0.    ]
 [0.027  0.5405 0.4324 0.     0.    ]
 [0.     0.05   0.825  0.09   0.035 ]
 [0.     0.     0.3846 0.3846 0.2308]
 [0.     0.0508 0.2542 0.1525 0.5424]]

Classification Report:
               precision  recall  f1-score   support
No DR             0.9943  0.9640    0.9789  361.0000
Mild              0.6349  0.5405    0.5839   74.0000
Moderate          0.7174  0.8250    0.7674  200.0000
Severe            0.3571  0.3846    0.3704   39.0000
Proliferative     0.6667  0.5424    0.5981   59.0000
accuracy          0.8186  0.8186    0.8186    0.8186
macro avg         0.6741  0.6513    0.6598  733.0000
weighted avg      0.8222  0.8186    0.8183  733.0000